4
12
13
21
28
28
29
32
35
35
36
40
40
48
49
50
50
54
60
61
63
65
66
68
68
81
83
83
87
89
93
94
94
95
98
109
111
125
139
141
143
144
145
145
146
156
168
183
185
186
188
193
194
197
201
204
205
205
209
214
221
223
230
252
282
289
289
289
295
296
321
322
328
332
344
344
344
345
345
350
357
369
371
372
372
372
374
388
397
405
405
407
411
415
418
418
418
421
422
422
437
439
439
441
442
447
451
451
460
460
462
465
472
474
480
496
501
501
504
523
528
530
534
534
544
555
566
581
581
583
585
589
590
605
606
607
610
612
612
620
620
622
626
636
641
644
647
647
652
654
655
658
661
668
674
679
686
686
688
698
699
711
714
718
723
725
729
732
732
732
736
736
736
741
742
742
743
743
745
749
752
752
767
769
770
783
784
787
789
790
798
799
803
806
811
811
814
818
820
820
820
821
832
833
846
849
857
858
862
864
870
872
876
876
880
884
891
892
915
920
923
928
928
933
940
941
954
954
956
958
960
960
964
964
970
970
975
978
980
984
984
1008
1019
1030
1030
1030
1039
1045
1045
1045
1052
1053
1054
1069
1071
1073
1082
1083
1086
1092
1092
1110
1116
1117
1121
1123
1126
1128
1132
1137
1138
1141
1143
1150
1152
1157
1159
1159
1162
1166
1170
1173
1176
1181
1182
1185
1197
1200
1202
1202
1206
1210
1213
1214
1217
1225
1232
1232
1232
1233
1237
1238
1246
1246
1247
1252
1253
1266
1267
1267
1267
1268
1273
1273
1277
1277
1277
1283
1283
1289
1292
1292
1297
1298
1301
1303
1319
1330
1333
1338
1340
1344
1348
1352
1352
1357
1358
1359
1360
1367
1367
1371
1386
1394
1400
1400
1402
1408
1413
1415
1425
1431
1432
1432
1440
1440
1440
1442
1455
1457
1463
1464
1465
1465
1466
1477
1478
1478
1483
1483
1487
1487
1496
1497
1498
1499
1499
1499
1500
1503
1505
1505
1506
1507
1510
1512
1513
1518
1520
1535
1549
1551
1556
1556
1560
1560
1560
1563
1568
1575
1577
1582
1586
1589
1596
1604
1612
1614
1617
1618
1623
1631
1632
1634
1635
1639
1639
1641
1641
1641
1641
1641
1643
1653
1653
1656
1658
1660
1660
1671
1674
1674
1682
1686
1687
1692
1695
1696
1701
1704
1713
1717
1725
1732
1735
1739
1744
1745
1745
1748
1749
1769
1779
1782
1783
1785
1785
1786
1789
1790
1800
1801
1812
1817
1826
1835
1837
1837
1841
1844
1857
1857
1857
1859
1862
1864
1868
1868
1869
1877
1878
1884
1888
1889
1909
1909
1913
1917
1923
1923
1931
1932
1934
1934
1936
1942
1943
1947
1947
1950
1953
1966
1967
1970
1972
1972
1975
1976
1993
1993
1996
2010
2018
2018
2023
2045
2045
2046
2051
2052
2052
2052
2052
2052
2052
2054
2060
2061
2065
2065
2072
2072
2076
2077
2078
2078
2081
2082
2089
2101
2122
2122
2122
2122
2123
2133
2133
2140
2141
2149
2149
2153
2153
2156
2161
2165
2165
2179
2179
2179
2182
2188
2189
2190
2193
2208
2212
2231
2231
2232
2234
2236
2240
2242
2246
2250
2250
2253
2264
2264
2269
2269
2273
2273
2276
2279
2279
2288
2295
2299
2301
2309
2311
2313
2314
2315
2317
2319
2320
2320
2321
2321
2329
2338
2341
2342
2345
2347
2348
2358
2360
2362
2364
2365
2366
2366
2367
2367
2367
2372
2381
2382
2388
2388
2392
2393
2396
2398
2399
2401
2405
2405
2413
2415
2416
2427
2427
2437
2444
2450
2454
2457
2460
2460
2462
2468
2468
2471
2471
2479
2481
2481
2483
2509
2523
2539
2548
2550
2551
2552
2560
2564
2576
2581
2584
2586
2600
2601
2605
2611
2618
2625
2625
2626
2627
2631
2639
2647
2647
2648
2648
2649
2656
2671
2677
2682
2684
2689
2689
2693
2693
2695
2699
2710
2710
2724
2728
2729
2737
2738
2738
2740
2740
2741
2741
2743
2745
2749
2755
2755
2760
2765
2779
2786
2789
2791
2792
2799
2800
2807
2807
2807
2808
2809
2823
2825
2829
2841
2842
2845
2852
2854
2859
2862
2868
2869
2873
2879
2880
2883
2890
2896
2896
2901
2901
2901
2902
2911
2915
2915
2915
2931
2932
2933
2936
2936
2940
2942
2951
2956
2964
2964
2975
2981
2981
2986
2989
2990
2990
2993
2998
3005
3007
3012
3028
3035
3037
3045
3048
3049
3051
3052
3052
3053
3063
3073
3073
3080
3087
3105
3107
3116
3116
3121
3130
3136
3142
3142
3148
3150
3154
3154
3157
3162
3167
3176
3178
3185
3189
3205
3216
3219
3223
3225
3225
3241
3246
3251
3252
3254
3259
3262
3268
3288
3290
3293
3296
3302
3304
3304
3304
3305
3309
3314
3322
3322
3330
3343
3347
3347
3347
3347
3350
3355
3361
3362
3364
3364
3372
3379
3385
3389
3389
3391
3400
3400
3404
3406
3407
3408
3410
3416
3417
3417
3418
3423
3423
3424
3428
3434
3435
3436
3440
3440
3460
3473
3474
3482
3483
3487
3489
3491
3493
3499
3499
3501
3501
3539
3544
3549
3557
3564
3568
3568
3573
3574
3577
3578
3582
3584
3584
3588
3603
3607
3616
3616
3616
3618
3624
3632
3639
3644
3646
3648
3651
3660
3664
3664
3676
3679
3687
3690
3690
3698
3698
3698
3702
3703
3707
3712
3713
3718
3720
3737
3741
3748
3757
3772
3773
3782
3784
3787
3791
3796
3798
3806
3815
3815
3821
3828
3829
3831
3831
3835
3842
3843
3846
3851
3851
3864
3865
3865
3865
3866
3872
3877
3879
3879
3882
3883
3885
3887
3897
3904
3905
3910
3919
3921
3924
3931
3934
3942
3942
3945
3950
3966
3966
3966
3967
3978
3986
3988
3996
3997
3997
4000
4000
4002
4004
4004
